0.976855 58
0.049914 31
1.820506 31
2.136673 31
0.166570 1
0.953755 1
0.143163 2
0.232220 398
0.006874 50
0.000626 1
4.521247 1
0.159851 1
0.119150 2
0.425190 90
0.024677 50
0.000505 31
5.398401 1
4.632674 1
0.159774 1
0.200017 1
0.143233 1
0.209031 4
0.218717 1
1.283819 8
0.225768 1
1.398995 1
0.223710 1
0.262035 4
0.482590 4
0.159627 1
0.616260 8
0.418228 4
0.702129 1
0.127390 2
2.201582 113
0.080976 29
10.884231 104
0.352826 59
0.143570 52
0.920474 44
1.336061 30
1.136264 2
1.167580 1809
0.014100 2
1.849527 2
0.160400 2
0.103599 2
0.128059 2
0.151936 2
0.136450 2
0.167371 1
1.112783 1
0.499956 1
0.029192 1
0.029810 1
0.030123 1
0.030378 1
0.031893 1
0.029840 1
0.029970 2
0.120215 4
0.304395 61
0.543424 1
0.336398 1
0.501764 1
0.029484 1
0.030408 1
0.030856 1
0.029829 1
0.031196 1
0.029245 1
0.031677 1
0.029736 1
0.030066 1
0.029823 1
0.031503 1
0.030252 1
0.030866 1
0.029860 1
0.029901 1
0.031105 1
0.030366 1
0.031129 1
0.031590 1
0.030071 1
0.257344 1
0.136183 1
0.183949 67
0.311815 8
0.255647 8
0.208068 1
0.128121 1
0.296078 1
0.200280 71
0.215949 18
1.257352 44
0.614760 1
0.126909 1
0.105191 1
0.327554 19
0.161369 49
0.003011 50
0.001412 29
1.410252 38
0.352313 17
0.118304 59
1.289791 52
2.704066 30
0.720208 2
0.369788 90
0.010741 2239
0.001453 2
1.073106 2
0.500790 2
0.028427 2
0.032831 2
0.029896 4
0.030896 1
0.029744 1
0.031176 39
2.148970 1
0.655886 1
0.727145 1
0.280696 1
0.159583 66
0.272665 39
3.576161 1
0.983803 1
0.607322 1
0.247868 1
0.160499 66
0.839595 39
2.105214 1
0.207458 1
0.855971 1
0.280095 1
0.143431 1
0.136538 66
0.614746 58
1.033258 1
1.432786 49
0.391531 4
0.407944 1
0.142925 1
0.136773 1
0.119860 1
0.103842 1
0.120131 1
0.416564 83
0.183688 1
2.944541 1
0.499994 1
0.029858 1
0.031723 1
0.029973 1
0.029907 1
0.030792 1
0.030151 1
0.031352 1
0.029772 1
0.031041 1
0.031416 1
0.030547 1
0.030506 1
0.028513 1
0.031020 1
0.031032 1
0.030296 1
0.030307 1
0.031305 1
0.031045 1
0.029670 1
0.029660 1
0.032161 2
0.028770 1
0.031848 1
0.030029 1
0.030205 1
0.031422 1
0.030110 1
0.029903 1
0.030703 1
0.031505 1
0.201456 1
0.183097 1
0.111852 1
0.119853 1
0.135721 45
0.377215 16
0.777145 44
0.726211 1
0.126693 1
0.113043 1
0.296045 26
0.177542 48
0.003117 50
0.000825 29
1.467173 52
0.351669 17
0.096197 44
1.408109 59
0.472455 30
0.606896 2
0.433707 15
0.008417 78
0.000950 424
0.000304 36
1.173597 1
0.239748 1
0.751665 1
0.215597 1
0.128227 1
0.152323 996
0.225502 38
1.263226 48
1.334981 4
0.424456 1
0.500272 1
0.028905 1
0.031706 1
0.030314 1
0.030107 1
0.029348 1
0.029288 223
0.576187 8
1.263929 7
1.871735 8
1.040645 1
1.183704 1
0.512276 1
0.500172 1
0.030620 1
0.030516 1
0.031582 1
0.029377 1
0.030727 1
0.030220 1
0.030771 1
0.030108 1
0.030504 1
0.029539 1
0.031143 1
0.030991 1
0.030551 1
0.030502 1
0.030965 1
0.030733 1
0.030016 1
0.030339 1
0.030623 1
0.030590 1
0.408729 47
0.216459 1
0.272794 1
0.499006 1
0.030493 1
0.031395 1
0.031279 1
0.029882 1
0.030717 1
0.029551 1
0.030087 1
0.028897 1
0.031658 1
0.030237 1
0.030948 1
0.030271 1
0.028785 1
0.029863 1
0.030668 1
0.031057 1
0.030417 1
0.029151 1
0.030771 1
0.030616 1
0.028723 1
0.030303 1
0.031514 1
0.032294 1
0.030152 1
0.034352 1
0.027456 76
0.479370 18
7.714420 44
0.734573 1
0.096148 1
0.120105 1
0.328196 29
0.257483 51
0.003640 50
0.000570 1
4.578713 1
0.632348 1
0.183707 6
0.156108 1
1.332435 1
0.168048 1
0.095885 1
0.183992 1
0.248416 1
0.110464 1
1.785737 1
0.223837 1
0.151180 3
0.184254 1
1.600829 1
0.183500 38
0.134136 1
1.626406 1
0.414929 1
0.817216 4
0.360125 1
0.271382 1
0.176020 1
0.143814 1
0.127186 1
0.096632 1
0.096672 1
0.303709 1
0.128071 1
0.864091 2
0.873335 103
0.148870 94
0.864569 95
0.116164 92
0.020509 105
0.020397 91
0.085975 98
0.011923 94
0.292676 95
0.064690 92
0.027706 105
0.013990 91
0.017268 98
0.011484 32
0.207079 39
0.014463 32
0.021118 31
0.494584 36
1.152597 30
1.066449 44
0.124509 52
0.006654 33
0.003975 42
0.155767 24
0.912480 31
4.277342 44
0.141197 34
0.004520 53
0.004137 32
0.116917 34
0.028646 40
0.030822 36
0.027121 38
0.023981 49
0.026533 42
0.528693 39
0.055961 35
0.058378 36
0.581063 32
0.006796 34
0.111788 36
0.052549 32
0.102884 60
0.187225 65
0.262058 43
0.033345 47
1.373373 27
0.042313 32
0.024617 25
0.007402 30
0.147262 56
0.005121 40
0.020502 47
0.047057 29
0.010981 36
0.005877 35
0.013132 34
6.283423 92
9.045921 50
0.064040 6
