0.728889 58
0.055272 31
1.592905 1
5.986472 1
0.158427 1
0.142779 1
0.238882 1
0.089511 1
0.871926 1
0.217085 1
2.007691 1
0.302199 1
0.120730 1
0.168151 1
0.195437 1
0.692265 1
0.199272 1
0.120982 4
0.305158 1
0.334618 4
0.528210 1
0.328798 1
0.281579 1
0.917747 1
0.155899 1
1.780025 1
0.231565 5
0.235226 1
1.373283 1
0.183797 8
0.124439 1
1.523706 1
0.094980 1
0.801039 1
0.127611 1
0.301558 1
0.522062 1
0.303652 1
0.000818 4
0.448393 2
1.031116 50
0.004454 1
1.164163 1
0.191792 1
0.106932 1
2.357564 1
1.279367 4
0.464448 4
0.127162 4
0.112230 4
0.111779 4
0.119889 1
0.120446 38
0.776374 73
0.631343 110
0.376822 110
0.416477 113
0.207225 75
0.545005 30
0.895094 1
0.511417 1
0.098004 1
0.159405 109
0.183464 1
5.782927 1
0.128048 1
0.095153 1
1.409433 1
0.200261 1
0.118762 1
0.624193 1
0.480684 1
0.128600 1
0.223783 1
0.469400 1
1.466387 1
0.175302 1
0.255389 1
0.177601 4
0.375319 1
0.640210 1
0.415396 1
1.760174 1
0.175859 1
0.136433 1
2.390776 1
0.502828 1
0.027987 1
0.030239 1
0.030261 1
0.031894 1
0.029393 1
0.032026 1
0.031112 1
0.029751 3
0.301706 23
0.289720 27
0.792631 2
4.055743 3191
0.008934 64
9.791292 313
0.736687 17
1.280413 44
0.429140 1
0.192900 1
0.112106 1
0.416465 24
0.160135 55
0.003030 73
0.000605 18
1.956186 1
7.079828 1
0.151798 1
0.151743 15
0.415330 16
0.200806 7
0.896259 7
0.112101 7
0.191073 7
0.079862 2
0.650301 3183
0.007047 64
1.175689 609
9.061339 18
0.843873 39
0.639782 1
0.087440 1
0.110794 1
0.297841 16
0.111795 55
0.003725 73
0.001005 1
1.186293 1
0.143580 2
0.193995 121
0.003626 73
0.000571 1
13.513929 2
0.216460 1
0.070773 4
0.368667 2
0.161442 30
0.004745 73
0.001075 1
0.888899 1
0.167348 1
0.070389 1
0.610200 1
0.135473 71
0.160984 33
0.854770 1
0.168146 1
0.135331 2
0.194588 3542
0.007525 69
0.000460 1
1.235826 1
0.170309 1
0.104327 1
1.016301 1
0.239010 1
1.160858 1
0.744033 1
0.191288 2
0.179847 75
0.317688 30
0.718385 1
0.199829 1
0.145076 2
0.193656 161
0.005428 73
0.001336 1
1.895451 1
0.199307 1
0.112516 1
0.848209 1
0.159259 1
0.528721 1
0.903736 1
0.151525 1
0.303144 4
0.184383 75
0.402063 30
0.806506 1
0.169671 1
0.150059 2
0.369135 121
0.004610 73
0.000445 1
1.459333 1
0.158014 1
0.184835 1
0.208215 2
0.130715 4
1.853324 4
0.499961 4
0.030436 4
0.030754 4
0.028926 4
0.030283 1
0.029751 1
0.032146 1
0.030733 1
0.030632 1
0.030486 1
0.030916 1
0.030663 1
11.643579 1
0.159530 1
0.095658 1
0.176948 1
0.280773 1
0.150835 1
0.078625 1
1.538119 1
0.151641 1
0.096108 1
0.321587 1
0.142383 2
2.129194 31
0.169908 94
0.865386 95
0.137656 92
0.014713 105
0.019198 91
0.091492 98
0.014344 94
0.295895 95
0.051241 92
0.010276 105
0.015170 91
0.012973 98
0.009833 32
0.225546 32
0.018523 39
0.012538 32
0.029679 31
0.485460 36
1.199235 30
1.076971 44
0.107811 52
0.007440 33
0.005349 42
0.153407 24
0.962134 31
4.413398 44
0.139256 34
0.006084 53
0.003631 32
0.103149 34
0.023137 40
0.022042 36
0.032043 38
0.027202 49
0.030620 42
0.537259 39
0.043599 35
0.053303 36
0.688896 32
0.014813 34
0.119381 36
0.065249 32
0.120829 60
0.174561 65
0.269087 43
0.029505 47
1.571346 27
0.039365 32
0.038372 25
0.012315 30
0.183876 56
0.005416 40
0.053217 47
0.057034 29
0.012837 36
0.010447 35
0.015367 34
6.942354 92
9.443080 73
0.060770 12
120.690544 4
2.184098 6
0.358445 11
0.183246 1
3.072639 1
0.136568 1
0.230945 1
0.231486 1
0.206765 4
0.252298 1
1.590166 1
0.264530 1
0.184028 1
0.879886 1
0.351033 1
0.233667 3
0.152517 1
1.758878 1
0.184118 1
0.183366 37
0.110796 1
2.888526 1
0.143825 1
0.288226 1
0.215339 1
0.129161 1
0.126403 1
0.121191 1
0.239866 1
0.095778 1
0.233246 1
0.134859 2
0.516429 23
0.495372 73
0.196466 1
11.456157 1
0.182897 1
0.696710 1
1.352149 1
0.216877 1
0.158144 1
0.147549 1
1.461599 4
1.072936 4
0.157712 4
0.224983 4
0.480993 1
0.421308 1
0.104952 1
0.208700 1
0.231607 1
0.120004 1
0.745923 1
0.271158 1
0.174873 1
0.225592 1
0.449823 1
0.630507 2
0.209525 4
0.860970 4
0.191661 1
2.024637 1
0.641748 4
0.702471 4
0.214682 4
0.314010 4
0.126200 4
0.152577 4
7.145065 7
0.422901 1
1.785590 1
0.157233 1
0.144528 2
0.258726 1
1.374011 1
0.215762 1
0.112145 1
0.184256 1
0.096762 1
0.703210 1
0.237891 1
1.114010 1
0.200457 1
0.102507 1
0.192754 1
0.153475 1
0.863859 4
0.119314 2
0.601987 15
0.005055 78
0.001181 424
0.000667 2
2.350411 36
0.951803 1
1.151729 1
0.808303 1
0.264775 1
0.127039 999
0.338284 8
2.950293 49
1.728100 24
0.792140 21
0.135246 21
0.135521 21
0.120422 21
0.103440 19
0.112536 21
0.126569 21
0.121146 21
0.128244 21
0.136940 19
0.703714 18
10.079624 44
0.495747 1
0.239900 1
0.093235 1
0.394484 29
0.177741 51
0.002864 73
0.001155 24
0.770598 7
1.135753 8
0.198934 9
0.152475 8
0.192539 7
0.223773 6
